100000 0 0 0 0 0 0 0 0 0 0 0 0 0 0 0 0 0 0 0 0 0 0 0 
200000 0 0 0 0 0 0 0 0 0 0 0 0 0 0 0 0 0 0 0 0 0 0 0 
300000 0 0 0 0 0 0 0 0 0 0 0 0 0 0 0 0 0 0 0 0 0 0 0 
400000 0 0 0 0 0 0 0 0 0 0 0 0 0 0 0 0 0 0 0 0 0 0 0 
500000 0 0 0 0 0 0 0 0 0 0 0 0 0 0 0 0 0 0 0 0 0 0 0 
600000 0 0 0 0 0 0 0 0 0 0 0 0 0 0 0 0 0 0 0 0 0 0 0 
700000 0 0 0 0 0 0 0 0 0 0 0 0 0 0 0 0 0 0 0 0 0 0 0 
800000 0 0 0 0 0 0 0 0 0 0 0 0 0 0 0 0 0 0 0 0 0 0 0 
900000 0 0 0 0 0 0 0 0 0 0 0 0 0 0 0 0 0 0 0 0 0 0 0 
1000000 0 0 0 0 0 0 0 0 0 0 0 0 0 0 0 0 0 0 0 0 0 0 0 
1100000 0 0 0 0 0 0 0 0 0 0 0 0 0 0 0 0 0 0 0 0 0 0 0 
1200000 0 0 0 0 0 0 0 0 0 0 0 0 0 0 0 0 0 0 0 0 0 0 0 
1300000 0 0 0 0 0 0 0 0 0 0 0 0 0 0 0 0 0 0 0 0 0 0 0 
1400000 0 0 0 0 0 0 0 0 0 0 0 0 0 0 0 0 0 0 0 0 0 0 0 
1500000 0 0 0 0 0 0 0 0 0 0 0 0 0 0 0 0 0 0 0 0 0 0 0 
1600000 0 0 0 0 0 0 0 0 0 0 0 0 0 0 0 0 0 0 0 0 0 0 0 
1700000 0 0 0 0 0 0 0 0 0 0 0 0 0 0 0 0 0 0 0 0 0 0 0 
1800000 0 0 0 0 0 0 0 0 0 0 0 0 0 0 0 0 0 0 0 0 0 0 0 
1900000 0 0 0 0 0 0 0 0 0 0 0 0 0 0 0 0 0 0 0 0 0 0 0 
2000000 0 0 0 0 0 0 0 0 0 0 0 0 0 0 0 0 0 0 0 0 0 0 0 
2100000 0 0 0 0 0 0 0 0 0 0 0 0 0 0 0 0 0 0 0 0 0 0 0 
2200000 0 0 0 0 0 0 0 0 0 0 0 0 0 0 0 0 0 0 0 0 0 0 0 
2300000 0 0 0 0 0 0 0 0 0 0 0 0 0 0 0 0 0 0 0 0 0 0 0 
2400000 0 0 0 0 0 0 0 0 0 0 0 0 0 0 0 0 0 0 0 0 0 0 0 
2500000 0 0 0 0 0 0 0 0 0 0 0 0 0 0 0 0 0 0 0 0 0 0 0 
2600000 0 0 0 0 0 0 0 0 0 0 0 0 0 0 0 0 0 0 0 0 0 0 0 
2700000 0 0 0 0 0 0 0 0 0 0 0 0 0 0 0 0 0 0 0 0 0 0 0 
2800000 0 0 0 0 0 0 0 0 0 0 0 0 0 0 0 0 0 0 0 0 0 0 0 
2900000 0 0 0 0 0 0 0 0 0 0 0 0 0 0 0 0 0 0 0 0 0 0 0 
3000000 0 0 0 0 0 0 0 0 0 0 0 0 0 0 0 0 0 0 0 0 0 0 0 
3100000 0 0 0 0 0 0 0 0 0 0 0 0 0 0 0 0 0 0 0 0 0 0 0 
3200000 0 0 0 0 0 0 0 0 0 0 0 0 0 0 0 0 0 0 0 0 0 0 0 
3300000 0 0 0 0 0 0 0 0 0 0 0 0 0 0 0 0 0 0 0 0 0 0 0 
3400000 0 0 0 0 0 0 0 0 0 0 0 0 0 0 0 0 0 0 0 0 0 0 0 
3500000 0 0 0 0 0 0 0 0 0 0 0 0 0 0 0 0 0 0 0 0 0 0 0 
3600000 0 0 0 0 0 0 0 0 0 0 0 0 0 0 0 0 0 0 0 0 0 0 0 
3700000 0 0 0 0 0 0 0 0 0 0 0 0 0 0 0 0 0 0 0 0 0 0 0 
3800000 0 0 0 0 0 0 0 0 0 0 0 0 0 0 0 0 0 0 0 0 0 0 0 
3900000 0 0 0 0 0 0 0 0 0 0 0 0 0 0 0 0 0 0 0 0 0 0 0 
4000000 0 0 0 0 0 0 0 0 0 0 0 0 0 0 0 0 0 0 0 0 0 0 0 
4100000 0 0 0 0 0 0 0 0 0 0 0 0 0 0 0 0 0 0 0 0 0 0 0 
4200000 0 0 0 0 0 0 0 0 0 0 0 0 0 0 0 0 0 0 0 0 0 0 0 
4300000 0 0 0 0 0 0 0 0 0 0 0 0 0 0 0 0 0 0 0 0 0 0 0 
4400000 0 1474 1474 0 0 0 0 0 0 0 0 0 0 0 0 0 0 0 0 0 0 0 0 
4500000 0 2948 2948 0 0 0 0 0 0 0 0 0 0 0 0 0 0 0 0 0 0 0 0 
4600000 0 4422 4422 0 0 0 0 0 0 0 0 0 0 0 0 0 0 0 0 0 0 0 0 
4700000 0 5896 5896 0 0 0 0 0 0 0 0 0 0 0 0 0 0 0 0 0 0 0 0 
4800000 0 7370 7370 0 0 0 0 0 0 0 0 0 0 0 0 0 0 0 0 0 0 0 0 
4900000 0 8844 8844 0 0 0 0 0 0 0 0 0 0 0 0 0 0 0 0 0 0 0 0 
5000000 0 10318 10318 0 0 0 0 0 0 0 0 0 0 0 0 0 0 0 0 0 0 0 0 
5100000 0 11792 11792 0 0 0 0 0 0 0 0 0 0 0 0 0 0 0 0 0 0 0 0 
5200000 0 13266 13266 0 0 0 0 0 0 0 0 0 0 0 0 0 0 0 0 0 0 0 0 
5300000 0 14740 14740 0 0 0 0 0 0 0 0 0 0 0 0 0 0 0 0 0 0 0 0 
5400000 0 16214 16214 0 0 0 0 0 0 0 0 0 0 0 0 0 0 0 0 0 0 0 0 
5500000 0 17688 17688 0 0 0 0 0 0 0 0 0 0 0 0 0 0 0 0 0 0 0 0 
5600000 0 19162 19162 0 0 0 0 0 0 0 0 0 0 0 0 0 0 0 0 0 0 0 0 
5700000 0 20636 20636 0 0 0 0 0 0 0 0 0 0 0 0 0 0 0 0 0 0 0 0 
5800000 0 22110 22110 0 0 0 0 0 0 0 0 0 0 0 0 0 0 0 0 0 0 0 0 
5900000 0 23584 23584 0 0 0 0 0 0 0 0 0 0 0 0 0 0 0 0 0 0 0 0 
6000000 0 25058 25058 0 0 0 0 0 0 0 0 0 0 0 0 0 0 0 0 0 0 0 0 
6100000 0 26532 26532 0 0 0 0 0 0 0 0 0 0 0 0 0 0 0 0 0 0 0 0 
6200000 0 28006 28006 0 0 0 0 0 0 0 0 0 0 0 0 0 0 0 0 0 0 0 0 
6300000 0 29480 29480 0 0 0 0 0 0 0 0 0 0 0 0 0 0 0 0 0 0 0 0 
6400000 0 30954 30954 0 0 0 0 0 0 0 0 0 0 0 0 0 0 0 0 0 0 0 0 
6500000 0 32428 32428 0 0 0 0 0 0 0 0 0 0 0 0 0 0 0 0 0 0 0 0 
6600000 0 33902 33902 0 0 0 0 0 0 0 0 0 0 0 0 0 0 0 0 0 0 0 0 
6700000 0 35376 35376 0 0 0 0 0 0 0 0 0 0 0 0 0 0 0 0 0 0 0 0 
6800000 0 36850 36850 0 0 0 0 0 0 0 0 0 0 0 0 0 0 0 0 0 0 0 0 
6900000 0 38324 38324 0 0 0 0 0 0 0 0 0 0 0 0 0 0 0 0 0 0 0 0 
7000000 0 38324 38324 0 0 0 0 0 0 0 0 0 0 0 0 0 0 0 0 0 0 0 0 
7100000 0 38324 38324 0 0 0 0 0 0 0 0 0 0 0 0 0 0 0 0 0 0 0 0 
7200000 0 38324 38324 0 0 0 0 0 0 0 0 0 0 0 0 0 0 0 0 0 0 0 0 
7300000 0 38324 38324 0 0 0 0 0 0 0 0 0 0 0 0 0 0 0 0 0 0 0 0 
7400000 0 38324 38324 0 0 0 0 0 0 0 0 0 0 0 0 0 0 0 0 0 0 0 0 
7500000 0 38324 38324 0 0 0 0 0 0 0 0 0 0 0 0 0 0 0 0 0 0 0 0 
7600000 0 38324 38324 0 0 0 0 0 0 0 0 0 0 0 0 0 0 0 0 0 0 0 0 
7700000 0 38324 38324 0 0 0 0 0 0 0 0 0 0 0 0 0 0 0 0 0 0 0 0 
7800000 0 38324 38324 0 0 0 0 0 0 0 0 0 0 0 0 0 0 0 0 0 0 0 0 
7900000 0 38324 38324 0 0 0 0 0 0 0 0 0 0 0 0 0 0 0 0 0 0 0 0 
8000000 0 38324 38324 0 0 0 0 0 0 0 0 0 0 0 0 0 0 0 0 0 0 0 0 
8100000 0 38324 38324 0 0 0 0 0 0 0 0 0 0 0 0 0 0 0 0 0 0 0 0 
8200000 0 38324 38324 0 0 0 0 0 0 0 0 0 0 0 0 0 0 0 0 0 0 0 0 
8300000 0 39798 39798 0 0 0 0 0 0 0 0 0 0 0 0 0 0 0 0 0 0 0 0 
8400000 0 41272 41272 0 0 0 0 0 0 0 0 0 0 0 0 0 0 0 0 0 0 0 0 
8500000 0 42746 42746 0 0 0 0 0 0 0 0 0 0 0 0 0 0 0 0 0 0 0 0 
8600000 0 44220 44220 0 0 0 0 0 0 0 0 0 0 0 0 0 0 0 0 0 0 0 0 
8700000 0 45694 45694 0 0 0 0 0 0 0 0 0 0 0 0 0 0 0 0 0 0 0 0 
8800000 0 47168 47168 0 0 0 0 0 0 0 0 0 0 0 0 0 0 0 0 0 0 0 0 
8900000 0 48642 48642 0 0 0 0 0 0 0 0 0 0 0 0 0 0 0 0 0 0 0 0 
9000000 0 50116 50116 0 0 0 0 0 0 0 0 0 0 0 0 0 0 0 0 0 0 0 0 
9100000 0 51590 51590 0 0 0 0 0 0 0 0 0 0 0 0 0 0 0 0 0 0 0 0 
9200000 0 53064 53064 0 0 0 0 0 0 0 0 0 0 0 0 0 0 0 0 0 0 0 0 
9300000 0 54538 54538 0 0 0 0 0 0 0 0 0 0 0 0 0 0 0 0 0 0 0 0 
9400000 0 56012 56012 0 0 0 0 0 0 0 0 0 0 0 0 0 0 0 0 0 0 0 0 
9500000 0 57486 57486 0 0 0 0 0 0 0 0 0 0 0 0 0 0 0 0 0 0 0 0 
9600000 0 58960 58960 0 0 0 0 0 0 0 0 0 0 0 0 0 0 0 0 0 0 0 0 
9700000 0 60434 60434 0 0 0 0 0 0 0 0 0 0 0 0 0 0 0 0 0 0 0 0 
9800000 0 61908 61908 0 0 0 0 0 0 0 0 0 0 0 0 0 0 0 0 0 0 0 0 
9900000 0 63382 63382 0 0 0 0 0 0 0 0 0 0 0 0 0 0 0 0 0 0 0 0 
10000000 0 63382 63382 0 0 0 0 0 0 0 0 0 0 0 0 0 0 0 0 0 0 0 0 
10100000 0 63382 63382 0 0 0 0 0 0 0 0 0 0 0 0 0 0 0 0 0 0 0 0 
10200000 0 63382 63382 0 0 0 0 0 0 0 0 0 0 0 0 0 0 0 0 0 0 0 0 
10300000 0 63382 63382 0 0 0 0 0 0 0 0 0 0 0 0 0 0 0 0 0 0 0 0 
10400000 0 63382 63382 0 0 0 0 0 0 0 0 0 0 0 0 0 0 0 0 0 0 0 0 
10500000 0 63382 63382 0 0 0 0 0 0 0 0 0 0 0 0 0 0 0 0 0 0 0 0 
10600000 0 66330 63382 0 0 0 0 0 0 0 0 0 0 0 0 0 0 0 0 0 0 0 0 
10700000 0 69278 63382 0 0 0 0 0 0 0 0 0 0 0 0 0 0 0 0 0 0 0 0 
10800000 0 72226 63382 0 0 0 0 0 0 0 0 0 0 0 0 0 0 0 0 0 0 0 0 
10900000 0 75174 63382 0 0 0 0 0 0 0 0 0 0 0 0 0 0 0 0 0 0 0 0 
11000000 0 78122 63382 0 0 0 0 0 0 0 0 0 0 0 0 0 0 0 0 0 0 0 0 
11100000 0 78122 63382 0 0 0 0 0 0 0 0 0 0 0 0 0 0 0 0 0 0 0 0 
11200000 0 78122 63382 0 0 0 0 0 0 0 0 0 0 0 0 0 0 0 0 0 0 0 0 
11300000 0 78122 63382 0 0 0 0 0 0 0 0 0 0 0 0 0 0 0 0 0 0 0 0 
11400000 0 79596 64856 0 0 0 0 0 0 0 0 0 0 0 0 0 0 0 0 0 0 0 0 
11500000 0 81070 66330 0 0 0 0 0 0 0 0 0 0 0 0 0 0 0 0 0 0 0 0 
11600000 0 82544 67804 0 0 0 0 0 0 0 0 0 0 0 0 0 0 0 0 0 0 0 0 
11700000 0 84018 69278 0 0 0 0 0 0 0 0 0 0 0 0 0 0 0 0 0 0 0 0 
11800000 0 85492 70752 0 0 0 0 0 0 0 0 0 0 0 0 0 0 0 0 0 0 0 0 
11900000 0 86966 72226 0 0 0 0 0 0 0 0 0 0 0 0 0 0 0 0 0 0 0 0 
12000000 0 88440 73700 0 0 0 0 0 0 0 0 0 0 0 0 0 0 0 0 0 0 0 0 
12100000 0 89914 75174 0 0 0 0 0 0 0 0 0 0 0 0 0 0 0 0 0 0 0 0 
12200000 0 91388 76648 0 0 0 0 0 0 0 0 0 0 0 0 0 0 0 0 0 0 0 0 
12300000 0 92862 78122 0 0 0 0 0 0 0 0 0 0 0 0 0 0 0 0 0 0 0 0 
12400000 0 94336 79596 0 0 0 0 0 0 0 0 0 0 0 0 0 0 0 0 0 0 0 0 
12500000 0 95810 81070 0 0 0 0 0 0 0 0 0 0 0 0 0 0 0 0 0 0 0 0 
12600000 0 97284 82544 0 0 0 0 0 0 0 0 0 0 0 0 0 0 0 0 0 0 0 0 
12700000 0 98758 84018 0 0 0 0 0 0 0 0 0 0 0 0 0 0 0 0 0 0 0 0 
12800000 0 100232 85492 0 0 0 0 0 0 0 0 0 0 0 0 0 0 0 0 0 0 0 0 
12900000 0 101706 86966 0 0 0 0 0 0 0 0 0 0 0 0 0 0 0 0 0 0 0 0 
13000000 0 103180 88440 0 0 0 0 0 0 0 0 0 0 0 0 0 0 0 0 0 0 0 0 
13100000 0 104654 89914 0 0 0 0 0 0 0 0 0 0 0 0 0 0 0 0 0 0 0 0 
13200000 0 106128 91388 0 0 0 0 0 0 0 0 0 0 0 0 0 0 0 0 0 0 0 0 
13300000 0 107602 92862 0 0 0 0 0 0 0 0 0 0 0 0 0 0 0 0 0 0 0 0 
13400000 0 109076 94336 0 0 0 0 0 0 0 0 0 0 0 0 0 0 0 0 0 0 0 0 
13500000 0 110550 95810 0 0 0 0 0 0 0 0 0 0 0 0 0 0 0 0 0 0 0 0 
13600000 0 112024 97284 0 0 0 0 0 0 0 0 0 0 0 0 0 0 0 0 0 0 0 0 
13700000 0 113498 98758 0 0 0 0 0 0 0 0 0 0 0 0 0 0 0 0 0 0 0 0 
13800000 0 114972 100232 0 0 0 0 0 0 0 0 0 0 0 0 0 0 0 0 0 0 0 0 
13900000 0 116446 101706 0 0 0 0 0 0 0 0 0 0 0 0 0 0 0 0 0 0 0 0 
14000000 0 117920 103180 0 0 0 0 0 0 0 0 0 0 0 0 0 0 0 0 0 0 0 0 
14100000 0 119394 104654 0 0 0 0 0 0 0 0 0 0 0 0 0 0 0 0 0 0 0 0 
14200000 0 120868 106128 0 0 0 0 0 0 0 0 0 0 0 0 0 0 0 0 0 0 0 0 
14300000 0 122342 107602 0 0 0 0 0 0 0 0 0 0 0 0 0 0 0 0 0 0 0 0 
14400000 0 123816 109076 0 0 0 0 0 0 0 0 0 0 0 0 0 0 0 0 0 0 0 0 
14500000 0 125290 110550 0 0 0 0 0 0 0 0 0 0 0 0 0 0 0 0 0 0 0 0 
14600000 0 126764 112024 0 0 0 0 0 0 0 0 0 0 0 0 0 0 0 0 0 0 0 0 
14700000 0 128238 113498 0 0 0 0 0 0 0 0 0 0 0 0 0 0 0 0 0 0 0 0 
14800000 0 129712 114972 0 0 0 0 0 0 0 0 0 0 0 0 0 0 0 0 0 0 0 0 
14900000 0 131186 116446 0 0 0 0 0 0 0 0 0 0 0 0 0 0 0 0 0 0 0 0 
15000000 0 132660 117920 0 0 0 0 0 0 0 0 0 0 0 0 0 0 0 0 0 0 0 0 
15100000 0 134134 119394 0 0 0 0 0 0 0 0 0 0 0 0 0 0 0 0 0 0 0 0 
15200000 0 135608 120868 0 0 0 0 0 0 0 0 0 0 0 0 0 0 0 0 0 0 0 0 
15300000 0 137082 122342 0 0 0 0 0 0 0 0 0 0 0 0 0 0 0 0 0 0 0 0 
15400000 0 138556 123816 0 0 0 0 0 0 0 0 0 0 0 0 0 0 0 0 0 0 0 0 
15500000 0 140030 125290 0 0 0 0 0 0 0 0 0 0 0 0 0 0 0 0 0 0 0 0 
15600000 0 141504 126764 0 0 0 0 0 0 0 0 0 0 0 0 0 0 0 0 0 0 0 0 
15700000 0 142978 128238 0 0 0 0 0 0 0 0 0 0 0 0 0 0 0 0 0 0 0 0 
15800000 0 144452 129712 0 0 0 0 0 0 0 0 0 0 0 0 0 0 0 0 0 0 0 0 
15900000 0 145926 131186 0 0 0 0 0 0 0 0 0 0 0 0 0 0 0 0 0 0 0 0 
16000000 0 147400 132660 0 0 0 0 0 0 0 0 0 0 0 0 0 0 0 0 0 0 0 0 
16100000 0 148874 134134 0 0 0 0 0 0 0 0 0 0 0 0 0 0 0 0 0 0 0 0 
16200000 0 150348 135608 0 0 0 0 0 0 0 0 0 0 0 0 0 0 0 0 0 0 0 0 
16300000 0 151822 137082 0 0 0 0 0 0 0 0 0 0 0 0 0 0 0 0 0 0 0 0 
16400000 0 153296 138556 0 0 0 0 0 0 0 0 0 0 0 0 0 0 0 0 0 0 0 0 
16500000 0 154770 140030 0 0 0 0 0 0 0 0 0 0 0 0 0 0 0 0 0 0 0 0 
16600000 0 156244 141504 0 0 0 0 0 0 0 0 0 0 0 0 0 0 0 0 0 0 0 0 
16700000 0 157718 142978 0 0 0 0 0 0 0 0 0 0 0 0 0 0 0 0 0 0 0 0 
16800000 0 157718 142978 0 0 0 0 0 0 0 0 0 0 0 0 0 0 0 0 0 0 0 0 
16900000 0 157718 142978 0 0 0 0 0 0 0 0 0 0 0 0 0 0 0 0 0 0 0 0 
17000000 0 157718 142978 0 0 0 0 0 0 0 0 0 0 0 0 0 0 0 0 0 0 0 0 
17100000 0 157718 142978 0 0 0 0 0 0 0 0 0 0 0 0 0 0 0 0 0 0 0 0 
17200000 0 157718 142978 0 0 0 0 0 0 0 0 0 0 0 0 0 0 0 0 0 0 0 0 
17300000 0 157718 142978 0 0 0 0 0 0 0 0 0 0 0 0 0 0 0 0 0 0 0 0 
17400000 0 157718 142978 0 0 0 0 0 0 0 0 0 0 0 0 0 0 0 0 0 0 0 0 
17500000 0 157718 142978 0 0 0 0 0 0 0 0 0 0 0 0 0 0 0 0 0 0 0 0 
17600000 0 157718 142978 0 0 0 0 0 0 0 0 0 0 0 0 0 0 0 0 0 0 0 0 
17700000 0 157718 142978 0 0 0 0 0 0 0 0 0 0 0 0 0 0 0 0 0 0 0 0 
17800000 0 157718 142978 0 0 0 0 0 0 0 0 0 0 0 0 0 0 0 0 0 0 0 0 
17900000 0 157718 142978 0 0 0 0 0 0 0 0 0 0 0 0 0 0 0 0 0 0 0 0 
18000000 0 157718 142978 0 0 0 0 0 0 0 0 0 0 0 0 0 0 0 0 0 0 0 0 
18100000 0 157718 142978 0 0 0 0 0 0 0 0 0 0 0 0 0 0 0 0 0 0 0 0 
18200000 0 157718 142978 0 0 0 0 0 0 0 0 0 0 0 0 0 0 0 0 0 0 0 0 
18300000 0 157718 142978 0 0 0 0 0 0 0 0 0 0 0 0 0 0 0 0 0 0 0 0 
18400000 0 157718 142978 0 0 0 0 0 0 0 0 0 0 0 0 0 0 0 0 0 0 0 0 
18500000 0 157718 142978 0 0 0 0 0 0 0 0 0 0 0 0 0 0 0 0 0 0 0 0 
18600000 0 157718 142978 0 0 0 0 0 0 0 0 0 0 0 0 0 0 0 0 0 0 0 0 
18700000 0 157718 142978 0 0 0 0 0 0 0 0 0 0 0 0 0 0 0 0 0 0 0 0 
18800000 0 157718 142978 0 0 0 0 0 0 0 0 0 0 0 0 0 0 0 0 0 0 0 0 
18900000 0 157718 142978 0 0 0 0 0 0 0 0 0 0 0 0 0 0 0 0 0 0 0 0 
19000000 0 157718 142978 0 0 0 0 0 0 0 0 0 0 0 0 0 0 0 0 0 0 0 0 
19100000 0 157718 142978 0 0 0 0 0 0 0 0 0 0 0 0 0 0 0 0 0 0 0 0 
19200000 0 157718 142978 0 0 0 0 0 0 0 0 0 0 0 0 0 0 0 0 0 0 0 0 
19300000 0 157718 142978 0 0 0 0 0 0 0 0 0 0 0 0 0 0 0 0 0 0 0 0 
19400000 0 157718 142978 0 0 0 0 0 0 0 0 0 0 0 0 0 0 0 0 0 0 0 0 
19500000 0 157718 142978 0 0 0 0 0 0 0 0 0 0 0 0 0 0 0 0 0 0 0 0 
19600000 0 157718 142978 0 0 0 0 0 0 0 0 0 0 0 0 0 0 0 0 0 0 0 0 
19700000 0 157718 142978 0 0 0 0 0 0 0 0 0 0 0 0 0 0 0 0 0 0 0 0 
19800000 0 157718 142978 0 0 0 0 0 0 0 0 0 0 0 0 0 0 0 0 0 0 0 0 
19900000 0 157718 142978 0 0 0 0 0 0 0 0 0 0 0 0 0 0 0 0 0 0 0 0 
20000000 0 157718 142978 0 0 0 0 0 0 0 0 0 0 0 0 0 0 0 0 0 0 0 0 
20100000 0 157718 142978 0 0 0 0 0 0 0 0 0 0 0 0 0 0 0 0 0 0 0 0 
20200000 0 157718 142978 0 0 0 0 0 0 0 0 0 0 0 0 0 0 0 0 0 0 0 0 
20300000 0 157718 142978 0 0 0 0 0 0 0 0 0 0 0 0 0 0 0 0 0 0 0 0 
20400000 0 157718 142978 0 0 0 0 0 0 0 0 0 0 0 0 0 0 0 0 0 0 0 0 
20500000 0 157718 142978 0 0 0 0 0 0 0 0 0 0 0 0 0 0 0 0 0 0 0 0 
20600000 0 157718 142978 0 0 0 0 0 0 0 0 0 0 0 0 0 0 0 0 0 0 0 0 
20700000 0 157718 142978 0 0 0 0 0 0 0 0 0 0 0 0 0 0 0 0 0 0 0 0 
20800000 0 157718 142978 0 0 0 0 0 0 0 0 0 0 0 0 0 0 0 0 0 0 0 0 
20900000 0 157718 142978 0 0 0 0 0 0 0 0 0 0 0 0 0 0 0 0 0 0 0 0 
21000000 0 157718 142978 0 0 0 0 0 0 0 0 0 0 0 0 0 0 0 0 0 0 0 0 
21100000 0 157718 142978 0 0 0 0 0 0 0 0 0 0 0 0 0 0 0 0 0 0 0 0 
21200000 0 157718 142978 0 0 0 0 0 0 0 0 0 0 0 0 0 0 0 0 0 0 0 0 
21300000 0 157718 142978 0 0 0 0 0 0 0 0 0 0 0 0 0 0 0 0 0 0 0 0 
21400000 0 157718 142978 0 0 0 0 0 0 0 0 0 0 0 0 0 0 0 0 0 0 0 0 
21500000 0 157718 142978 0 0 0 0 0 0 0 0 0 0 0 0 0 0 0 0 0 0 0 0 
21600000 0 157718 142978 0 0 0 0 0 0 0 0 0 0 0 0 0 0 0 0 0 0 0 0 
21700000 0 157718 142978 0 0 0 0 0 0 0 0 0 0 0 0 0 0 0 0 0 0 0 0 
21800000 0 157718 142978 0 0 0 0 0 0 0 0 0 0 0 0 0 0 0 0 0 0 0 0 
21900000 0 157718 142978 0 0 0 0 0 0 0 0 0 0 0 0 0 0 0 0 0 0 0 0 
22000000 0 157718 142978 0 0 0 0 0 0 0 0 0 0 0 0 0 0 0 0 0 0 0 0 
22100000 0 157718 142978 0 0 0 0 0 0 0 0 0 0 0 0 0 0 0 0 0 0 0 0 
22200000 0 157718 142978 0 0 0 0 0 0 0 0 0 0 0 0 0 0 0 0 0 0 0 0 
22300000 0 157718 142978 0 0 0 0 0 0 0 0 0 0 0 0 0 0 0 0 0 0 0 0 
22400000 0 157718 142978 0 0 0 0 0 0 0 0 0 0 0 0 0 0 0 0 0 0 0 0 
22500000 0 157718 142978 0 0 0 0 0 0 0 0 0 0 0 0 0 0 0 0 0 0 0 0 
22600000 0 157718 142978 0 0 0 0 0 0 0 0 0 0 0 0 0 0 0 0 0 0 0 0 
22700000 0 157718 145926 0 0 0 0 0 0 0 0 0 0 0 0 0 0 0 0 0 0 0 0 
22800000 0 157718 148874 0 0 0 0 0 0 0 0 0 0 0 0 0 0 0 0 0 0 0 0 
22900000 0 157718 151822 0 0 0 0 0 0 0 0 0 0 0 0 0 0 0 0 0 0 0 0 
23000000 0 157718 154770 0 0 0 0 0 0 0 0 0 0 0 0 0 0 0 0 0 0 0 0 
23100000 0 157718 157718 0 0 0 0 0 0 0 0 0 0 0 0 0 0 0 0 0 0 0 0 
23200000 0 157718 157718 0 0 0 0 0 0 0 0 0 0 0 0 0 0 0 0 0 0 0 0 
23300000 0 157718 157718 0 0 0 0 0 0 0 0 0 0 0 0 0 0 0 0 0 0 0 0 
23400000 0 157718 157718 0 0 0 0 0 0 0 0 0 0 0 0 0 0 0 0 0 0 0 0 
23500000 0 157718 157718 0 0 0 0 0 0 0 0 0 0 0 0 0 0 0 0 0 0 0 0 
23600000 0 157718 157718 0 0 0 0 0 0 0 0 0 0 0 0 0 0 0 0 0 0 0 0 
23700000 0 157718 160666 0 0 0 0 0 0 0 0 0 0 0 0 0 0 0 0 0 0 0 0 
23800000 0 157718 160666 0 0 0 0 0 0 0 0 0 0 0 0 0 0 0 0 0 0 0 0 
23900000 0 157718 160666 0 0 0 0 0 0 0 0 0 0 0 0 0 0 0 0 0 0 0 0 
24000000 0 157718 160666 0 0 0 0 0 0 0 0 0 0 0 0 0 0 0 0 0 0 0 0 
24100000 0 157718 160666 0 0 0 0 0 0 0 0 0 0 0 0 0 0 0 0 0 0 0 0 
24200000 0 157718 163614 0 0 0 0 0 0 0 0 0 0 0 0 0 0 0 0 0 0 0 0 
24300000 0 157718 166562 0 0 0 0 0 0 0 0 0 0 0 0 0 0 0 0 0 0 0 0 
24400000 0 157718 166562 0 0 0 0 0 0 0 0 0 0 0 0 0 0 0 0 0 0 0 0 
24500000 0 157718 166562 0 0 0 0 0 0 0 0 0 0 0 0 0 0 0 0 0 0 0 0 
24600000 0 157718 169510 0 0 0 0 0 0 0 0 0 0 0 0 0 0 0 0 0 0 0 0 
24700000 0 157718 172458 0 0 0 0 0 0 0 0 0 0 0 0 0 0 0 0 0 0 0 0 
24800000 0 157718 172458 0 0 0 0 0 0 0 0 0 0 0 0 0 0 0 0 0 0 0 0 
24900000 0 157718 172458 0 0 0 0 0 0 0 0 0 0 0 0 0 0 0 0 0 0 0 0 
25000000 0 157718 172458 0 0 0 0 0 0 0 0 0 0 0 0 0 0 0 0 0 0 0 0 
25100000 0 157718 172458 0 0 0 0 0 0 0 0 0 0 0 0 0 0 0 0 0 0 0 0 
25200000 0 157718 175406 0 0 0 0 0 0 0 0 0 0 0 0 0 0 0 0 0 0 0 0 
25300000 0 157718 175406 0 0 0 0 0 0 0 0 0 0 0 0 0 0 0 0 0 0 0 0 
25400000 0 157718 175406 0 0 0 0 0 0 0 0 0 0 0 0 0 0 0 0 0 0 0 0 
25500000 0 157718 175406 0 0 0 0 0 0 0 0 0 0 0 0 0 0 0 0 0 0 0 0 
25600000 0 157718 175406 0 0 0 0 0 0 0 0 0 0 0 0 0 0 0 0 0 0 0 0 
25700000 0 157718 175406 0 0 0 0 0 0 0 0 0 0 0 0 0 0 0 0 0 0 0 0 
25800000 0 157718 175406 0 0 0 0 0 0 0 0 0 0 0 0 0 0 0 0 0 0 0 0 
25900000 0 157718 175406 0 0 0 0 0 0 0 0 0 0 0 0 0 0 0 0 0 0 0 0 
26000000 0 157718 175406 0 0 0 0 0 0 0 0 0 0 0 0 0 0 0 0 0 0 0 0 
26100000 0 157718 175406 0 0 0 0 0 0 0 0 0 0 0 0 0 0 0 0 0 0 0 0 
26200000 0 157718 175406 0 0 0 0 0 0 0 0 0 0 0 0 0 0 0 0 0 0 0 0 
26300000 0 157718 175406 0 0 0 0 0 0 0 0 0 0 0 0 0 0 0 0 0 0 0 0 
26400000 0 159192 176880 0 0 0 0 0 0 0 0 0 0 0 0 0 0 0 0 0 0 0 0 
26500000 0 160666 178354 0 0 0 0 0 0 0 0 0 0 0 0 0 0 0 0 0 0 0 0 
26600000 0 162140 179828 0 0 0 0 0 0 0 0 0 0 0 0 0 0 0 0 0 0 0 0 
26700000 0 163614 181302 0 0 0 0 0 0 0 0 0 0 0 0 0 0 0 0 0 0 0 0 
26800000 0 165088 182776 0 0 0 0 0 0 0 0 0 0 0 0 0 0 0 0 0 0 0 0 
26900000 0 166562 184250 0 0 0 0 0 0 0 0 0 0 0 0 0 0 0 0 0 0 0 0 
27000000 0 168036 185724 0 0 0 0 0 0 0 0 0 0 0 0 0 0 0 0 0 0 0 0 
27100000 0 169510 187198 0 0 0 0 0 0 0 0 0 0 0 0 0 0 0 0 0 0 0 0 
27200000 0 170984 188672 0 0 0 0 0 0 0 0 0 0 0 0 0 0 0 0 0 0 0 0 
27300000 0 172458 190146 0 0 0 0 0 0 0 0 0 0 0 0 0 0 0 0 0 0 0 0 
27400000 0 173932 191620 0 0 0 0 0 0 0 0 0 0 0 0 0 0 0 0 0 0 0 0 
27500000 0 175406 193094 0 0 0 0 0 0 0 0 0 0 0 0 0 0 0 0 0 0 0 0 
27600000 0 176880 194568 0 0 0 0 0 0 0 0 0 0 0 0 0 0 0 0 0 0 0 0 
27700000 0 178354 196042 0 0 0 0 0 0 0 0 0 0 0 0 0 0 0 0 0 0 0 0 
27800000 0 178354 196042 0 0 0 0 0 0 0 0 0 0 0 0 0 0 0 0 0 0 0 0 
27900000 0 178354 196042 0 0 0 0 0 0 0 0 0 0 0 0 0 0 0 0 0 0 0 0 
28000000 0 178354 196042 0 0 0 0 0 0 0 0 0 0 0 0 0 0 0 0 0 0 0 0 
28100000 0 178354 196042 0 0 0 0 0 0 0 0 0 0 0 0 0 0 0 0 0 0 0 0 
28200000 0 178354 196042 0 0 0 0 0 0 0 0 0 0 0 0 0 0 0 0 0 0 0 0 
28300000 0 178354 196042 0 0 0 0 0 0 0 0 0 0 0 0 0 0 0 0 0 0 0 0 
28400000 0 178354 196042 0 0 0 0 0 0 0 0 0 0 0 0 0 0 0 0 0 0 0 0 
28500000 0 178354 198990 0 0 0 0 0 0 0 0 0 0 0 0 0 0 0 0 0 0 0 0 
28600000 0 178354 198990 0 0 0 0 0 0 0 0 0 0 0 0 0 0 0 0 0 0 0 0 
28700000 0 178354 198990 0 0 0 0 0 0 0 0 0 0 0 0 0 0 0 0 0 0 0 0 
28800000 0 178354 198990 0 0 0 0 0 0 0 0 0 0 0 0 0 0 0 0 0 0 0 0 
28900000 0 178354 198990 0 0 0 0 0 0 0 0 0 0 0 0 0 0 0 0 0 0 0 0 
29000000 0 178354 198990 0 0 0 0 0 0 0 0 0 0 0 0 0 0 0 0 0 0 0 0 
29100000 0 178354 198990 0 0 0 0 0 0 0 0 0 0 0 0 0 0 0 0 0 0 0 0 
29200000 0 179828 200464 0 0 0 0 0 0 0 0 0 0 0 0 0 0 0 0 0 0 0 0 
29300000 0 181302 201938 0 0 0 0 0 0 0 0 0 0 0 0 0 0 0 0 0 0 0 0 
29400000 0 182776 203412 0 0 0 0 0 0 0 0 0 0 0 0 0 0 0 0 0 0 0 0 
29500000 0 184250 204886 0 0 0 0 0 0 0 0 0 0 0 0 0 0 0 0 0 0 0 0 
29600000 0 185724 206360 0 0 0 0 0 0 0 0 0 0 0 0 0 0 0 0 0 0 0 0 
29700000 0 187198 207834 0 0 0 0 0 0 0 0 0 0 0 0 0 0 0 0 0 0 0 0 
29800000 0 188672 209308 0 0 0 0 0 0 0 0 0 0 0 0 0 0 0 0 0 0 0 0 
29900000 0 190146 210782 0 0 0 0 0 0 0 0 0 0 0 0 0 0 0 0 0 0 0 0 
30000000 0 191620 212256 0 0 0 0 0 0 0 0 0 0 0 0 0 0 0 0 0 0 0 0 
30100000 0 193094 213730 0 0 0 0 0 0 0 0 0 0 0 0 0 0 0 0 0 0 0 0 
30200000 0 194568 215204 0 0 0 0 0 0 0 0 0 0 0 0 0 0 0 0 0 0 0 0 
30300000 0 196042 216678 0 0 0 0 0 0 0 0 0 0 0 0 0 0 0 0 0 0 0 0 
30400000 0 197516 218152 0 0 0 0 0 0 0 0 0 0 0 0 0 0 0 0 0 0 0 0 
30500000 0 198990 219626 0 0 0 0 0 0 0 0 0 0 0 0 0 0 0 0 0 0 0 0 
30600000 0 200464 221100 0 0 0 0 0 0 0 0 0 0 0 0 0 0 0 0 0 0 0 0 
30700000 0 201938 222574 0 0 0 0 0 0 0 0 0 0 0 0 0 0 0 0 0 0 0 0 
30800000 0 203412 224048 0 0 0 0 0 0 0 0 0 0 0 0 0 0 0 0 0 0 0 0 
30900000 0 204886 225522 0 0 0 0 0 0 0 0 0 0 0 0 0 0 0 0 0 0 0 0 
31000000 0 206360 226996 0 0 0 0 0 0 0 0 0 0 0 0 0 0 0 0 0 0 0 0 
31100000 0 207834 228470 0 0 0 0 0 0 0 0 0 0 0 0 0 0 0 0 0 0 0 0 
31200000 0 209308 229944 0 0 0 0 0 0 0 0 0 0 0 0 0 0 0 0 0 0 0 0 
31300000 0 210782 231418 0 0 0 0 0 0 0 0 0 0 0 0 0 0 0 0 0 0 0 0 
31400000 0 212256 232892 0 0 0 0 0 0 0 0 0 0 0 0 0 0 0 0 0 0 0 0 
31500000 0 213730 234366 0 0 0 0 0 0 0 0 0 0 0 0 0 0 0 0 0 0 0 0 
31600000 0 215204 235840 0 0 0 0 0 0 0 0 0 0 0 0 0 0 0 0 0 0 0 0 
31700000 0 216678 237314 0 0 0 0 0 0 0 0 0 0 0 0 0 0 0 0 0 0 0 0 
31800000 0 218152 238788 0 0 0 0 0 0 0 0 0 0 0 0 0 0 0 0 0 0 0 0 
31900000 0 219626 240262 0 0 0 0 0 0 0 0 0 0 0 0 0 0 0 0 0 0 0 0 
32000000 0 221100 241736 0 0 0 0 0 0 0 0 0 0 0 0 0 0 0 0 0 0 0 0 
32100000 0 222574 243210 0 0 0 0 0 0 0 0 0 0 0 0 0 0 0 0 0 0 0 0 
32200000 0 224048 244684 0 0 0 0 0 0 0 0 0 0 0 0 0 0 0 0 0 0 0 0 
32300000 0 225522 246158 0 0 0 0 0 0 0 0 0 0 0 0 0 0 0 0 0 0 0 0 
32400000 0 226996 247632 0 0 0 0 0 0 0 0 0 0 0 0 0 0 0 0 0 0 0 0 
32500000 0 228470 249106 0 0 0 0 0 0 0 0 0 0 0 0 0 0 0 0 0 0 0 0 
32600000 0 229944 250580 0 0 0 0 0 0 0 0 0 0 0 0 0 0 0 0 0 0 0 0 
32700000 0 231418 252054 0 0 0 0 0 0 0 0 0 0 0 0 0 0 0 0 0 0 0 0 
32800000 0 232892 253528 0 0 0 0 0 0 0 0 0 0 0 0 0 0 0 0 0 0 0 0 
32900000 0 234366 255002 0 0 0 0 0 0 0 0 0 0 0 0 0 0 0 0 0 0 0 0 
33000000 0 235840 256476 0 0 0 0 0 0 0 0 0 0 0 0 0 0 0 0 0 0 0 0 
33100000 0 237314 257950 0 0 0 0 0 0 0 0 0 0 0 0 0 0 0 0 0 0 0 0 
33200000 0 238788 259424 0 0 0 0 0 0 0 0 0 0 0 0 0 0 0 0 0 0 0 0 
33300000 0 240262 260898 0 0 0 0 0 0 0 0 0 0 0 0 0 0 0 0 0 0 0 0 
33400000 0 241736 262372 0 0 0 0 0 0 0 0 0 0 0 0 0 0 0 0 0 0 0 0 
33500000 0 243210 263846 0 0 0 0 0 0 0 0 0 0 0 0 0 0 0 0 0 0 0 0 
33600000 0 244684 265320 0 0 0 0 0 0 0 0 0 0 0 0 0 0 0 0 0 0 0 0 
33700000 0 246158 266794 0 0 0 0 0 0 0 0 0 0 0 0 0 0 0 0 0 0 0 0 
33800000 0 247632 268268 0 0 0 0 0 0 0 0 0 0 0 0 0 0 0 0 0 0 0 0 
33900000 0 249106 269742 0 0 0 0 0 0 0 0 0 0 0 0 0 0 0 0 0 0 0 0 
34000000 0 250580 271216 0 0 0 0 0 0 0 0 0 0 0 0 0 0 0 0 0 0 0 0 
34100000 0 252054 272690 0 0 0 0 0 0 0 0 0 0 0 0 0 0 0 0 0 0 0 0 
34200000 0 253528 274164 0 0 0 0 0 0 0 0 0 0 0 0 0 0 0 0 0 0 0 0 
34300000 0 255002 275638 0 0 0 0 0 0 0 0 0 0 0 0 0 0 0 0 0 0 0 0 
34400000 0 256476 277112 0 0 0 0 0 0 0 0 0 0 0 0 0 0 0 0 0 0 0 0 
34500000 0 257950 278586 0 0 0 0 0 0 0 0 0 0 0 0 0 0 0 0 0 0 0 0 
34600000 0 259424 280060 0 0 0 0 0 0 0 0 0 0 0 0 0 0 0 0 0 0 0 0 
34700000 0 260898 281534 0 0 0 0 0 0 0 0 0 0 0 0 0 0 0 0 0 0 0 0 
34800000 0 262372 283008 0 0 0 0 0 0 0 0 0 0 0 0 0 0 0 0 0 0 0 0 
34900000 0 263846 284482 0 0 0 0 0 0 0 0 0 0 0 0 0 0 0 0 0 0 0 0 
35000000 0 265320 285956 0 0 0 0 0 0 0 0 0 0 0 0 0 0 0 0 0 0 0 0 
35100000 0 266794 287430 0 0 0 0 0 0 0 0 0 0 0 0 0 0 0 0 0 0 0 0 
35200000 0 266794 287430 0 0 0 0 0 0 0 0 0 0 0 0 0 0 0 0 0 0 0 0 
35300000 0 266794 287430 0 0 0 0 0 0 0 0 0 0 0 0 0 0 0 0 0 0 0 0 
35400000 0 266794 287430 0 0 0 0 0 0 0 0 0 0 0 0 0 0 0 0 0 0 0 0 
35500000 0 266794 287430 0 0 0 0 0 0 0 0 0 0 0 0 0 0 0 0 0 0 0 0 
35600000 0 266794 287430 0 0 0 0 0 0 0 0 0 0 0 0 0 0 0 0 0 0 0 0 
35700000 0 266794 287430 0 0 0 0 0 0 0 0 0 0 0 0 0 0 0 0 0 0 0 0 
35800000 0 266794 287430 0 0 0 0 0 0 0 0 0 0 0 0 0 0 0 0 0 0 0 0 
35900000 0 266794 287430 0 0 0 0 0 0 0 0 0 0 0 0 0 0 0 0 0 0 0 0 
36000000 0 266794 287430 0 0 0 0 0 0 0 0 0 0 0 0 0 0 0 0 0 0 0 0 
36100000 0 266794 287430 0 0 0 0 0 0 0 0 0 0 0 0 0 0 0 0 0 0 0 0 
36200000 0 266794 287430 0 0 0 0 0 0 0 0 0 0 0 0 0 0 0 0 0 0 0 0 
36300000 0 266794 287430 0 0 0 0 0 0 0 0 0 0 0 0 0 0 0 0 0 0 0 0 
36400000 0 266794 287430 0 0 0 0 0 0 0 0 0 0 0 0 0 0 0 0 0 0 0 0 
36500000 0 266794 287430 0 0 0 0 0 0 0 0 0 0 0 0 0 0 0 0 0 0 0 0 
36600000 0 266794 287430 0 0 0 0 0 0 0 0 0 0 0 0 0 0 0 0 0 0 0 0 
36700000 0 266794 287430 0 0 0 0 0 0 0 0 0 0 0 0 0 0 0 0 0 0 0 0 
36800000 0 266794 287430 0 0 0 0 0 0 0 0 0 0 0 0 0 0 0 0 0 0 0 0 
36900000 0 266794 287430 0 0 0 0 0 0 0 0 0 0 0 0 0 0 0 0 0 0 0 0 
37000000 0 266794 287430 0 0 0 0 0 0 0 0 0 0 0 0 0 0 0 0 0 0 0 0 
37100000 0 266794 287430 0 0 0 0 0 0 0 0 0 0 0 0 0 0 0 0 0 0 0 0 
37200000 0 266794 287430 0 0 0 0 0 0 0 0 0 0 0 0 0 0 0 0 0 0 0 0 
37300000 0 266794 287430 0 0 0 0 0 0 0 0 0 0 0 0 0 0 0 0 0 0 0 0 
37400000 0 266794 287430 0 0 0 0 0 0 0 0 0 0 0 0 0 0 0 0 0 0 0 0 
37500000 0 266794 287430 0 0 0 0 0 0 0 0 0 0 0 0 0 0 0 0 0 0 0 0 
37600000 0 266794 287430 0 0 0 0 0 0 0 0 0 0 0 0 0 0 0 0 0 0 0 0 
37700000 0 266794 287430 0 0 0 0 0 0 0 0 0 0 0 0 0 0 0 0 0 0 0 0 
37800000 0 266794 287430 0 0 0 0 0 0 0 0 0 0 0 0 0 0 0 0 0 0 0 0 
37900000 0 266794 287430 0 0 0 0 0 0 0 0 0 0 0 0 0 0 0 0 0 0 0 0 
38000000 0 266794 287430 0 0 0 0 0 0 0 0 0 0 0 0 0 0 0 0 0 0 0 0 
38100000 0 266794 287430 0 0 0 0 0 0 0 0 0 0 0 0 0 0 0 0 0 0 0 0 
38200000 0 266794 287430 0 0 0 0 0 0 0 0 0 0 0 0 0 0 0 0 0 0 0 0 
38300000 0 266794 287430 0 0 0 0 0 0 0 0 0 0 0 0 0 0 0 0 0 0 0 0 
38400000 0 266794 287430 0 0 0 0 0 0 0 0 0 0 0 0 0 0 0 0 0 0 0 0 
38500000 0 266794 287430 0 0 0 0 0 0 0 0 0 0 0 0 0 0 0 0 0 0 0 0 
